Last login: Sat Nov 22 02:49:59 on ttys001
hsudeMacBook-Pro:~ yhhsu$ cd Desktop/computational\ physics/Homework/1118hw_yhhsu/src/
hsudeMacBook-Pro:src yhhsu$ ls
Conv_rate_N_8_2.png		laplace_test
Conv_rate_N_8_morestep.png	multigrid_const.py
iteration			optimal
laplace				poisson
laplace_examplepy.py		poisson_sor.py
laplace_sor
hsudeMacBook-Pro:src yhhsu$ python multigrid_const.py 
[[   0.            0.            0.            0.            0.            0.
     0.            0.            0.            0.        ]
 [   0.          -32.65383171   88.05099027 -169.87513769   62.09014028
   -37.75055198   11.16749988  112.89233329   34.12806641    0.        ]
 [   0.           60.27962701 -245.30840233  134.76069162 -117.14416616
    46.5582177    52.49408364  124.79862753  237.7845452     0.        ]
 [   0.           86.00553784  -96.23187644 -153.73601089   42.04179531
   110.55381533  -25.97701698    7.31153469   36.65298301    0.        ]
 [   0.          107.20342999  110.2802479  -130.88082731 -160.50611327
   151.11885893   75.08549506  100.79343262    6.43731361    0.        ]
 [   0.           23.9661626  -119.10232552  116.83181306  187.37572637
   -29.85495149 -223.07061681  120.80994086 -157.45777474    0.        ]
 [   0.            7.22855995  -11.21088831  188.59275731 -147.20474306
  -100.46175663   53.05456508  -91.01721678  128.66744697    0.        ]
 [   0.          136.92233589  254.5741775    -2.81712421  100.57584397
    59.70952398 -213.24397215    7.36379252  -21.94754958    0.        ]
 [   0.           63.97967641    5.56625744   53.26396914  124.75968973
   -19.84178616  -23.8667756   -29.16794903  -35.63899545    0.        ]
 [   0.            0.            0.            0.            0.            0.
     0.            0.            0.            0.        ]]
58.276998661
hsudeMacBook-Pro:src yhhsu$ python multigrid_const.py 
54.9273644372
55.7364467028
55.7533789259
55.7535108309
55.7534364387
55.7534093868
55.7534004437
55.7533975067
55.7533965427
55.7533962263
55.7533961225
55.7533960884
55.7533960773
55.7533960736
55.7533960724
55.753396072
55.7533960719
55.7533960718
55.7533960718
55.7533960718
55.7533960718
55.7533960718
55.7533960718
55.7533960718
55.7533960718
55.7533960718
55.7533960718
55.7533960718
55.7533960718
55.7533960718
55.7533960718
55.7533960718
55.7533960718
55.7533960718
55.7533960718
55.7533960718
55.7533960718
55.7533960718
55.7533960718
55.7533960718
55.7533960718
55.7533960718
55.7533960718
55.7533960718
55.7533960718
55.7533960718
55.7533960718
55.7533960718
55.7533960718
55.7533960718
55.7533960718
55.7533960718
55.7533960718
55.7533960718
55.7533960718
55.7533960718
55.7533960718
55.7533960718
55.7533960718
55.7533960718
55.7533960718
55.7533960718
55.7533960718
55.7533960718
55.7533960718
55.7533960718
55.7533960718
55.7533960718
55.7533960718
55.7533960718
55.7533960718
55.7533960718
55.7533960718
55.7533960718
55.7533960718
55.7533960718
55.7533960718
55.7533960718
55.7533960718
55.7533960718
55.7533960718
55.7533960718
55.7533960718
55.7533960718
55.7533960718
55.7533960718
55.7533960718
55.7533960718
55.7533960718
55.7533960718
55.7533960718
55.7533960718
55.7533960718
55.7533960718
55.7533960718
55.7533960718
55.7533960718
55.7533960718
55.7533960718
55.7533960718
55.7533960718
55.7533960718
55.7533960718
55.7533960718
55.7533960718
55.7533960718
55.7533960718
55.7533960718
55.7533960718
55.7533960718
55.7533960718
55.7533960718
55.7533960718
55.7533960718
55.7533960718
55.7533960718
55.7533960718
55.7533960718
55.7533960718
55.7533960718
55.7533960718
55.7533960718
55.7533960718
55.7533960718
55.7533960718
55.7533960718
55.7533960718
55.7533960718
55.7533960718
55.7533960718
55.7533960718
55.7533960718
55.7533960718
55.7533960718
55.7533960718
55.7533960718
55.7533960718
55.7533960718
55.7533960718
55.7533960718
55.7533960718
55.7533960718
55.7533960718
55.7533960718
55.7533960718
55.7533960718
55.7533960718
55.7533960718
55.7533960718
55.7533960718
55.7533960718
55.7533960718
55.7533960718
55.7533960718
55.7533960718
55.7533960718
55.7533960718
55.7533960718
55.7533960718
55.7533960718
55.7533960718
55.7533960718
55.7533960718
55.7533960718
55.7533960718
55.7533960718
55.7533960718
55.7533960718
55.7533960718
55.7533960718
55.7533960718
55.7533960718
55.7533960718
55.7533960718
55.7533960718
55.7533960718
55.7533960718
55.7533960718
55.7533960718
55.7533960718
55.7533960718
55.7533960718
55.7533960718
55.7533960718
55.7533960718
55.7533960718
55.7533960718
55.7533960718
55.7533960718
55.7533960718
55.7533960718
55.7533960718
55.7533960718
55.7533960718
55.7533960718
55.7533960718
55.7533960718
55.7533960718
55.7533960718
55.7533960718
55.7533960718
55.7533960718
55.7533960718
55.7533960718
55.7533960718
55.7533960718
55.7533960718
55.7533960718
55.7533960718
55.7533960718
55.7533960718
55.7533960718
55.7533960718
55.7533960718
55.7533960718
55.7533960718
55.7533960718
55.7533960718
55.7533960718
55.7533960718
55.7533960718
55.7533960718
55.7533960718
55.7533960718
55.7533960718
55.7533960718
55.7533960718
55.7533960718
55.7533960718
55.7533960718
55.7533960718
55.7533960718
55.7533960718
55.7533960718
55.7533960718
55.7533960718
55.7533960718
55.7533960718
55.7533960718
55.7533960718
55.7533960718
55.7533960718
55.7533960718
55.7533960718
55.7533960718
55.7533960718
55.7533960718
55.7533960718
55.7533960718
55.7533960718
55.7533960718
55.7533960718
55.7533960718
55.7533960718
55.7533960718
55.7533960718
55.7533960718
55.7533960718
55.7533960718
55.7533960718
55.7533960718
55.7533960718
55.7533960718
55.7533960718
55.7533960718
55.7533960718
55.7533960718
55.7533960718
55.7533960718
55.7533960718
55.7533960718
55.7533960718
55.7533960718
55.7533960718
55.7533960718
55.7533960718
55.7533960718
55.7533960718
55.7533960718
55.7533960718
55.7533960718
55.7533960718
55.7533960718
55.7533960718
55.7533960718
55.7533960718
55.7533960718
55.7533960718
55.7533960718
55.7533960718
55.7533960718
55.7533960718
55.7533960718
55.7533960718
55.7533960718
55.7533960718
55.7533960718
55.7533960718
55.7533960718
55.7533960718
55.7533960718
55.7533960718
55.7533960718
55.7533960718
55.7533960718
55.7533960718
55.7533960718
55.7533960718
55.7533960718
55.7533960718
55.7533960718
55.7533960718
55.7533960718
55.7533960718
55.7533960718
55.7533960718
55.7533960718
55.7533960718
55.7533960718
55.7533960718
55.7533960718
55.7533960718
55.7533960718
55.7533960718
55.7533960718
z55.7533960718
55.7533960718
55.7533960718
55.7533960718
55.7533960718
55.7533960718
55.7533960718
55.7533960718
55.7533960718
55.7533960718
55.7533960718
55.7533960718
55.7533960718
55.7533960718
55.7533960718
55.7533960718
55.7533960718
55.7533960718
55.7533960718
55.7533960718
55.7533960718
55.7533960718
55.7533960718
55.7533960718
55.7533960718
55.7533960718
55.7533960718
55.7533960718
55.7533960718
55.7533960718
55.7533960718
55.7533960718
55.7533960718
55.7533960718
55.7533960718
55.7533960718
55.7533960718
55.7533960718
55.7533960718
55.7533960718
55.7533960718
55.7533960718
55.7533960718
55.7533960718
55.7533960718
55.7533960718
55.7533960718
55.7533960718
55.7533960718
55.7533960718
55.7533960718
55.7533960718
55.7533960718
55.7533960718
55.7533960718
55.7533960718
55.7533960718
55.7533960718
55.7533960718
55.7533960718
55.7533960718
55.7533960718
55.7533960718
55.7533960718
55.7533960718
55.7533960718
55.7533960718
55.7533960718
55.7533960718
55.7533960718
55.7533960718
55.7533960718
55.7533960718
55.7533960718
55.7533960718
55.7533960718
55.7533960718
55.7533960718
55.7533960718
55.7533960718
55.7533960718
55.7533960718
55.7533960718
55.7533960718
55.7533960718
55.7533960718
55.7533960718
55.7533960718
55.7533960718
55.7533960718
55.7533960718
55.7533960718
55.7533960718
55.7533960718
55.7533960718
55.7533960718
55.7533960718
55.7533960718
55.7533960718
55.7533960718
55.7533960718
55.7533960718
55.7533960718
55.7533960718
55.7533960718
55.7533960718
55.7533960718
55.7533960718
55.7533960718
55.7533960718
55.7533960718
55.7533960718
55.7533960718
55.7533960718
55.7533960718
55.7533960718
55.7533960718
55.7533960718
55.7533960718
55.7533960718
55.7533960718
55.7533960718
55.7533960718
55.7533960718
55.7533960718
55.7533960718
55.7533960718
55.7533960718
55.7533960718
55.7533960718
55.7533960718
55.7533960718
55.7533960718
55.7533960718
55.7533960718
55.7533960718
55.7533960718
55.7533960718
55.7533960718
55.7533960718
55.7533960718
55.7533960718
55.7533960718
55.7533960718
55.7533960718
55.7533960718
55.7533960718
55.7533960718
55.7533960718
55.7533960718
^Z
[1]+  Stopped                 python multigrid_const.py
hsudeMacBook-Pro:src yhhsu$ python multigrid_const.py 
[[ 0.          0.          0.          0.          0.          0.          0.
   0.          0.          0.        ]
 [ 0.          0.01598835  0.48879264  0.86951774  0.39097926  0.0095816
   0.56848291  0.28240783  0.27890642  0.        ]
 [ 0.          0.58997207  0.89171908  0.55420906  0.1559272   0.13002843
   0.16504504  0.9646755   0.59296882  0.        ]
 [ 0.          0.66734078  0.12794951  0.93948033  0.53939771  0.80093614
   0.2689005   0.60882159  0.79659589  0.        ]
 [ 0.          0.21356372  0.76596022  0.66587151  0.21327396  0.40126709
   0.48666302  0.49613934  0.17616674  0.        ]
 [ 0.          0.56080621  0.54179163  0.83989729  0.45757589  0.98283232
   0.50753855  0.02281052  0.29471128  0.        ]
 [ 0.          0.72065974  0.73741332  0.77984606  0.90085481  0.98696328
   0.51688608  0.59665238  0.67640073  0.        ]
 [ 0.          0.7714645   0.80694144  0.78517876  0.0130035   0.90908889
   0.76408749  0.08614705  0.45758409  0.        ]
 [ 0.          0.14057581  0.34325915  0.85477932  0.33661008  0.19296683
   0.5675678   0.49264068  0.6038834   0.        ]
 [ 0.          0.          0.          0.          0.          0.          0.
   0.          0.          0.        ]]
54.9908587626
[[-2.51189659 -1.9138608  -1.66359351 -1.7324316  -1.89901007 -2.31346404
  -2.61971622 -2.59290692 -2.51189659 -1.9138608 ]
 [-1.93344252 -2.36759839 -2.58078338 -2.58063606 -2.29019474 -1.97779011
  -1.74974197 -1.70213432 -2.01162353 -2.53064086]
 [-1.69241186 -2.5866786  -3.09425085 -2.98881557 -2.48904189 -1.77945005
  -1.24195605 -1.23299157 -1.70457619 -2.61379598]
 [-1.74569471 -2.57539858 -2.97973538 -2.95997794 -2.41519409 -1.73734009
  -1.29770268 -1.22868239 -1.74264582 -2.63207379]
 [-1.88818188 -2.26675835 -2.45795858 -2.39746439 -2.1856897  -1.92176764
  -1.713914   -1.74957739 -1.94787973 -2.29986307]
 [-2.27632485 -1.93119353 -1.73613677 -1.69750458 -1.90559501 -2.16415387
  -2.37880712 -2.43616141 -2.24954674 -1.86793886]
 [-2.5757255  -1.70333503 -1.18621833 -1.25933249 -1.68905899 -2.37429338
  -2.91227244 -2.94113325 -2.5319061  -1.69541507]
 [-2.56645465 -1.66283158 -1.19535107 -1.19562988 -1.73914105 -2.44296147
  -2.95145803 -3.05283748 -2.5486435  -1.64042102]
 [-2.51189659 -1.99618058 -1.68210715 -1.73276905 -1.9572418  -2.27746522
  -2.56640519 -2.5696454  -2.35235469 -1.9138608 ]
 [-1.93344252 -2.53064086 -2.60654041 -2.63872616 -2.32927078 -1.92895155
  -1.75681631 -1.68992955 -1.93344252 -2.53064086]]
55.7397582087
[[-5.46244124 -4.84635793 -4.57206282 -4.63160149 -4.78152628 -5.20814863
  -5.54534676 -5.52313765 -5.46244124 -4.84635793]
 [-4.85299836 -5.29034533 -5.49539541 -5.48651023 -5.17777582 -4.85511898
  -4.63909218 -4.5993473  -4.93240252 -5.46969416]
 [-4.5818568  -5.49745564 -6.01560855 -5.89391897 -5.37364695 -4.64986632
  -4.09918447 -4.11248883 -4.60088123 -5.53111933]
 [-4.63540415 -5.48495719 -5.89118439 -5.86855462 -5.30127887 -4.59984284
  -4.164383   -4.095925   -4.63762835 -5.54989604]
 [-4.77720984 -5.17030008 -5.36426166 -5.29605836 -5.0743443  -4.805701
  -4.59366148 -4.6415172  -4.84643996 -5.20358066]
 [-5.19586397 -4.8404708  -4.63675248 -4.58834611 -4.80117351 -5.06898249
  -5.29133512 -5.3583703  -5.16472392 -4.7693797 ]
 [-5.5306182  -4.62433483 -4.08225932 -4.15323702 -4.58704825 -5.29042178
  -5.85559947 -5.87954406 -5.47040488 -4.61785624]
 [-5.51385686 -4.58661981 -4.10087563 -4.0863762  -4.63910848 -5.36133018
  -5.88313022 -6.00244605 -5.48443365 -4.56305281]
 [-5.46244124 -4.92740781 -4.59362987 -4.63479155 -4.85000723 -5.17399703
  -5.48178964 -5.49147177 -5.28477616 -4.84635793]
 [-4.85299836 -5.46969416 -5.52815183 -5.55178172 -5.2129742  -4.78856023
  -4.63725011 -4.57982052 -4.85299836 -5.46969416]]
55.7539701639
[[-8.33699112 -7.72006801 -7.44206247 -7.49570539 -7.64231428 -8.06890032
  -8.41027665 -8.39246722 -8.33699112 -7.72006801]
 [-7.72209473 -8.15845977 -8.36067084 -8.34772705 -8.0366006  -7.71301662
  -7.5001888  -7.46392199 -7.800443   -8.3392506 ]
 [-7.44497887 -8.36125008 -8.87737936 -8.7528275  -8.2290436  -7.50598823
  -6.95616872 -6.97355178 -7.46436213 -8.39488613]
 [-7.49669529 -8.34712762 -8.75193755 -8.72580444 -8.15716718 -7.45405195
  -7.02161102 -6.95513695 -7.49965147 -8.41151785]
 [-7.64072854 -8.0341532  -8.22608321 -8.15555069 -7.93104199 -7.66317554
  -7.45216826 -7.50337974 -7.71021773 -8.06727417]
 [-8.06490919 -7.70837257 -7.50191106 -7.45054636 -7.66182083 -7.92946707
  -8.15415769 -8.22432399 -8.03244929 -7.63828921]
 [-8.40558299 -7.49557118 -6.95097003 -7.01825825 -7.45025498 -8.1539456
  -8.72194469 -8.74841501 -8.34266538 -7.49127993]
 [-8.38955883 -7.45998791 -6.97003309 -6.95234343 -7.50279311 -8.22538889
  -8.74958602 -8.87337041 -8.35725343 -7.43918755]
 [-8.33699112 -7.79892236 -7.46221366 -7.49892075 -7.71151308 -8.03546308
  -8.34628453 -8.35945583 -8.15673566 -7.72006801]
 [-7.72209473 -8.3392506  -8.39403637 -8.41224164 -8.07035146 -7.64436498
  -7.49735364 -7.44437801 -7.72209473 -8.3392506 ]]
55.7536930445
[[-11.18818176 -10.57110046 -10.29199243 -10.34373355 -10.48932743
  -10.91583521 -11.25842394 -11.24207439 -11.18818176 -10.57110046]
 [-10.571714   -11.00772631 -11.20902635 -11.19478047 -10.88295974
  -10.55914797 -10.34731556 -10.31217997 -10.64969244 -11.18886806]
 [-10.29284877 -11.20918286 -11.72455149 -11.59911548 -11.07428224
  -10.35155546  -9.80213916  -9.82075767 -10.31229381 -11.24278527]
 [-10.3439736  -11.19455018 -11.59882245 -11.57149218 -11.00251006
  -10.29898045  -9.86755795  -9.8018004  -10.34710918 -11.25873829]
 [-10.48875705 -10.88215549 -11.07334041 -11.0020052  -10.77655861
  -10.5089974  -10.29839359 -10.35072698 -10.55823301 -10.91526058]
 [-10.91454386 -10.55767345 -10.35028195 -10.29790282 -10.50858838
  -10.77608403 -11.00158501 -11.07280888 -10.8816393  -10.48801655]
 [-11.25693878 -10.34587274  -9.80053907  -9.86654495 -10.29783516
  -11.00153807 -11.5703268  -11.59775665 -11.19319792 -10.34233142]
 [-11.24116952 -10.31096848  -9.8196935   -9.80098455 -10.35059161
  -11.07317956 -11.59813562 -11.72333743 -11.20797156 -10.29109313]
 [-11.18818176 -10.64923225 -10.31166454 -10.34693374 -10.55869512
  -10.88261575 -11.19434315 -11.20865733 -11.00720306 -10.57110046]
 [-10.571714   -11.18886806 -11.24255166 -11.25901957 -10.91627399
  -10.48994432 -10.34422911 -10.29269096 -10.571714   -11.18886806]]
55.7534959443
[[-14.03183292 -13.41470358 -13.1352371  -13.18636503 -13.33162791
  -13.75811361 -14.10109031 -14.08521863 -14.03183292 -13.41470358]
 [-13.41488912 -13.85078394 -14.05178396 -14.03711675 -13.72506943
  -13.40118861 -13.18967712 -13.15491303 -13.49274337 -14.03204069]
 [-13.13548728 -14.05182503 -14.56694334 -14.44121376 -13.91604359
  -13.1934222  -12.64414533 -12.66316252 -13.1549407  -14.08542597]
 [-13.186418   -14.03703085 -14.44111721 -14.41339581 -13.84429742
  -13.1406392  -12.70954801 -12.64403369 -13.18959986 -14.10116477]
 [-13.33142583 -13.72480517 -13.91574331 -13.84413937 -13.61838434
  -13.35092322 -13.14045561 -13.19315823 -13.40088909 -13.75791268]
 [-13.7576958  -13.40071983 -13.19302368 -13.14030727 -13.35079958
  -13.61824083 -13.84401224 -13.91558246 -13.72464898 -13.33120181]
 [-14.10062025 -13.18922584 -12.64365226 -12.70924176 -13.14029297
  -13.8440035  -14.4130433  -14.44079474 -14.0366217  -13.18592118]
 [-14.08493704 -13.1545398  -12.66284076 -12.64379633 -13.19313082
  -13.91571014 -14.44091731 -14.56657596 -14.05145852 -13.13495618]
 [-14.03183292 -13.49260422 -13.15475731 -13.18956183 -13.40105178
  -13.72496534 -14.03698431 -14.05167217 -13.85062556 -13.41470358]
 [-13.41488912 -14.03204069 -14.08536325 -14.10127068 -13.75824638
  -13.33181428 -13.18651464 -13.13544813 -13.41488912 -14.03204069]]
55.7534289072
[[-16.87302805 -16.25588356 -15.97629918 -16.02722834 -16.17238212
  -16.59886211 -16.94196436 -16.92624988 -16.87302805 -16.25588356]
 [-16.25593966 -16.6917952  -16.89269573 -16.87789138 -16.56576919
  -16.24186687 -16.03045967 -15.99581824 -16.33375193 -16.87309092]
 [-15.97637196 -16.8927061  -17.40774246 -17.2819148  -16.75663553
  -16.03404746 -15.48481799 -15.50396479 -15.99582439 -16.92631004]
 [-16.02723795 -16.87786009 -17.28188301 -17.25403427 -16.6848962
  -15.9811974  -15.55021366 -15.48478121 -16.03043144 -16.94198013]
 [-16.17231136 -16.5656824  -16.75653966 -16.68484664 -16.45899086
  -16.19156211 -15.98113986 -16.03396323 -16.24176883 -16.59879249]
 [-16.59872687 -16.24171765 -16.03392257 -15.98109503 -16.19152473
  -16.45894744 -16.68480816 -16.75649098 -16.56563515 -16.17224362]
 [-16.94181541 -16.03031832 -15.48466588 -15.55012107 -15.9810927
  -16.68480729 -17.25392761 -17.28178544 -16.87773632 -16.02708769]
 [-16.92616214 -15.99570314 -15.50386751 -15.48471248 -16.03395935
  -16.75653466 -17.2818251  -17.4076313  -16.89259523 -15.97621134]
 [-16.87302805 -16.33370986 -15.99577119 -16.03042484 -16.24182551
  -16.56573769 -16.87785127 -16.89266188 -16.69174727 -16.25588356]
 [-16.25593966 -16.87309092 -16.92629367 -16.94201898 -16.59890229
  -16.17243846 -16.02727354 -15.97636295 -16.25593966 -16.87309092]]
55.7534068497
[[-19.71342166 -19.09627238 -18.81664917 -18.86751378 -19.01263154
  -19.43911014 -19.7822531  -19.76659038 -19.71342166 -19.09627238]
 [-19.09628935 -19.53213174 -19.73299927 -19.71815021 -19.40600325
  -19.08209422 -18.87072096 -18.83612006 -19.17408744 -19.71344068]
 [-18.81667024 -19.73300174 -20.24801126 -20.12215086 -19.5968362
  -18.87425869 -18.32504526 -18.34423425 -18.83612119 -19.76660774]
 [-18.86751459 -19.71813901 -20.1221404  -20.09425021 -19.52509866
  -18.82138702 -18.39043814 -18.32503315 -18.87071083 -19.78225567]
 [-19.012607   -19.40597477 -19.59680556 -19.5250831  -19.29919444
  -19.03177616 -18.82136896 -18.87423178 -19.08206213 -19.43908619]
 [-19.43906634 -19.08204666 -18.87421949 -18.82135541 -19.03176485
  -19.2991813  -19.52507145 -19.59679083 -19.40596048 -19.01258652]
 [-19.78220584 -18.87067662 -18.32499828 -18.39041015 -18.82135536
  -19.52507176 -20.09421794 -20.12211088 -19.71810157 -18.86746915]
 [-19.766563   -18.83608453 -18.34420484 -18.32501335 -18.87423204
  -19.59680569 -20.12212372 -20.24797763 -19.73296821 -18.81662167]
 [-19.71342166 -19.17407471 -18.83610584 -18.87071044 -19.08208171
  -19.40599372 -19.71813806 -19.73298902 -19.53211724 -19.09627238]
 [-19.09628935 -19.71344068 -19.76660364 -19.78226964 -19.4391223
  -19.01264858 -18.86752743 -18.81666844 -19.09628935 -19.71344068]]
55.7533996091
[[-22.55355353 -21.93640274 -21.65676674 -21.70761036 -21.85271624
  -22.27919452 -22.6223507  -22.60670502 -22.55355353 -21.93640274]
 [-21.93640787 -22.37224587 -22.57310247 -22.55823881 -22.24608368
  -21.92217253 -21.71081033 -21.67622282 -22.01420118 -22.55355929]
 [-21.65677281 -22.573103   -23.08810373 -22.96223242 -22.43690627
  -21.7143321  -21.16512408 -21.18432682 -21.67622293 -22.60671   ]
 [-21.70760993 -22.55823486 -22.96222898 -22.93432529 -22.36516917
  -21.66145347 -21.23051591 -21.1651201  -21.71080675 -22.62235076]
 [-21.8527078  -22.24607433 -22.43689647 -22.36516428 -22.13926489
  -21.87184999 -21.66144779 -21.71432349 -21.92216204 -22.27918634]
 [-22.27918033 -21.92215736 -21.71431978 -21.6614437  -21.87184657
  -22.13926092 -22.36516075 -22.43689201 -22.24607001 -21.8527016 ]
 [-22.62233569 -21.71079641 -21.16510955 -21.23050744 -21.66144389
  -22.36516103 -22.93431552 -22.96222005 -22.55822354 -21.70759619]
 [-22.60669647 -21.67621184 -21.18431792 -21.16511443 -21.71432404
  -22.43689704 -22.9622242  -23.08809355 -22.57309285 -21.65675812]
 [-22.55355353 -22.01419733 -21.67621852 -21.71080715 -21.92216875
  -22.24608079 -22.55823514 -22.57309936 -22.37224149 -21.93640274]
 [-21.93640787 -22.55355929 -22.60670903 -22.62235571 -22.2791982
  -21.85272139 -21.70761449 -21.65677256 -21.93640787 -22.55355929]]
55.7533972327
Traceback (most recent call last):
  File "multigrid_const.py", line 157, in <module>
    p = ax.plot_surface(X, Y, exact, rstride=1, cstride=1, cmap=cm.coolwarm, linewidth=0, antialiased=False)
  File "/Users/yhhsu/anaconda/lib/python2.7/site-packages/mpl_toolkits/mplot3d/axes3d.py", line 1553, in plot_surface
    X, Y, Z = np.broadcast_arrays(X, Y, Z)
  File "/Users/yhhsu/anaconda/lib/python2.7/site-packages/numpy/lib/stride_tricks.py", line 100, in broadcast_arrays
    "incompatible dimensions on axis %r." % (axis,))
ValueError: shape mismatch: two or more arrays have incompatible dimensions on axis 0.
hsudeMacBook-Pro:src yhhsu$ python multigrid_const.py 
Traceback (most recent call last):
  File "multigrid_const.py", line 125, in <module>
    r=residual(ui,f,L)
  File "multigrid_const.py", line 65, in residual
    r[1:-1, 1:-1] = -(ux[0:-2, 1:-1] + ux[2:, 1:-1] + ux[1:-1,0:-2] + ux[1:-1, 2:]-4*ux[1:-1,1:-1])/h2+fxy[1:-1,1:-1]
TypeError: 'function' object has no attribute '__getitem__'
hsudeMacBook-Pro:src yhhsu$ python multigrid_const.py 
Traceback (most recent call last):
  File "multigrid_const.py", line 125, in <module>
    r=residual(ui,f,L)
  File "multigrid_const.py", line 65, in residual
    r[1:-1, 1:-1] = -(ux[0:-2, 1:-1] + ux[2:, 1:-1] + ux[1:-1,0:-2] + ux[1:-1, 2:]-4*ux[1:-1,1:-1])/h2+fxy[1:-1,1:-1]
TypeError: 'function' object has no attribute '__getitem__'
hsudeMacBook-Pro:src yhhsu$ python multigrid_const.py 
[[ 0.  0.  0.  0.  0.  0.  0.  0.  0.  0.]
 [ 0.  0.  0.  0.  0.  0.  0.  0.  0.  0.]
 [ 0.  0.  0.  0.  0.  0.  0.  0.  0.  0.]
 [ 0.  0.  0.  0.  0.  0.  0.  0.  0.  0.]
 [ 0.  0.  0.  0.  0.  0.  0.  0.  0.  0.]
 [ 0.  0.  0.  0.  0.  0.  0.  0.  0.  0.]
 [ 0.  0.  0.  0.  0.  0.  0.  0.  0.  0.]
 [ 0.  0.  0.  0.  0.  0.  0.  0.  0.  0.]
 [ 0.  0.  0.  0.  0.  0.  0.  0.  0.  0.]
 [ 0.  0.  0.  0.  0.  0.  0.  0.  0.  0.]]
Traceback (most recent call last):
  File "multigrid_const.py", line 132, in <module>
    ui = mgm(ui,fxy,L,w,step)
  File "multigrid_const.py", line 103, in mgm
    ux=mgm(L-1,ui,r,w,step)
  File "multigrid_const.py", line 97, in mgm
    u_pre=GS_SOR(u, L, f, w,step)
  File "multigrid_const.py", line 44, in GS_SOR
    ux[:,0]=ux[:,-2]
TypeError: 'int' object has no attribute '__getitem__'
hsudeMacBook-Pro:src yhhsu$ python multigrid_const.py 
[[ 0.  0.  0.  0.  0.  0.  0.  0.  0.  0.]
 [ 0.  0.  0.  0.  0.  0.  0.  0.  0.  0.]
 [ 0.  0.  0.  0.  0.  0.  0.  0.  0.  0.]
 [ 0.  0.  0.  0.  0.  0.  0.  0.  0.  0.]
 [ 0.  0.  0.  0.  0.  0.  0.  0.  0.  0.]
 [ 0.  0.  0.  0.  0.  0.  0.  0.  0.  0.]
 [ 0.  0.  0.  0.  0.  0.  0.  0.  0.  0.]
 [ 0.  0.  0.  0.  0.  0.  0.  0.  0.  0.]
 [ 0.  0.  0.  0.  0.  0.  0.  0.  0.  0.]
 [ 0.  0.  0.  0.  0.  0.  0.  0.  0.  0.]]
[[ 0.          0.          0.          0.          0.          0.          0.
   0.          0.          0.        ]
 [ 0.         -0.10068846 -0.27243651 -0.1356572  -0.09461621  0.05357521
   0.23957665  0.15426368  0.1778203   0.        ]
 [ 0.         -0.27243651 -0.23634566 -0.36705272 -0.08208199  0.14496044
   0.20783889  0.41739695  0.15426368  0.        ]
 [ 0.         -0.1356572  -0.36705272 -0.18277045 -0.12747607  0.07218169
   0.32278074  0.20783889  0.23957665  0.        ]
 [ 0.         -0.09461621 -0.08208199 -0.12747607 -0.02850678  0.05034423
   0.07218169  0.14496044  0.05357521  0.        ]
 [ 0.          0.05357521  0.14496044  0.07218169  0.05034423 -0.02850678
  -0.12747607 -0.08208199 -0.09461621  0.        ]
 [ 0.          0.23957665  0.20783889  0.32278074  0.07218169 -0.12747607
  -0.18277045 -0.36705272 -0.1356572   0.        ]
 [ 0.          0.15426368  0.41739695  0.20783889  0.14496044 -0.08208199
  -0.36705272 -0.23634566 -0.27243651  0.        ]
 [ 0.          0.1778203   0.15426368  0.23957665  0.05357521 -0.09461621
  -0.1356572  -0.27243651 -0.10068846  0.        ]
 [ 0.          0.          0.          0.          0.          0.          0.
   0.          0.          0.        ]]
[[-0.10068846  0.1778203   0.15426368  0.23957665  0.05357521 -0.09461621
  -0.1356572  -0.27243651 -0.10068846  0.1778203 ]
 [ 0.1778203  -0.14799657 -0.35654182 -0.2592894  -0.12768545  0.10240138
   0.3233109   0.29485302  0.19777074 -0.10068846]
 [ 0.15426368 -0.35654182 -0.55609028 -0.56747455 -0.19312813  0.2241132
   0.48901758  0.62828097  0.29485302 -0.27243651]
 [ 0.23957665 -0.2592894  -0.56747455 -0.43003484 -0.2022821   0.16983402
   0.51219626  0.48901758  0.3233109  -0.1356572 ]
 [ 0.05357521 -0.12768545 -0.19312813 -0.2022821  -0.06707269  0.07988744
   0.16983402  0.2241132   0.10240138 -0.09461621]
 [-0.09461621  0.10240138  0.2241132   0.16983402  0.07988744 -0.06707269
  -0.2022821  -0.19312813 -0.12768545  0.05357521]
 [-0.1356572   0.3233109   0.48901758  0.51219626  0.16983402 -0.2022821
  -0.43003484 -0.56747455 -0.2592894   0.23957665]
 [-0.27243651  0.29485302  0.62828097  0.48901758  0.2241132  -0.19312813
  -0.56747455 -0.55609028 -0.35654182  0.15426368]
 [-0.10068846  0.19777074  0.29485302  0.3233109   0.10240138 -0.12768545
  -0.2592894  -0.35654182 -0.14799657  0.1778203 ]
 [ 0.1778203  -0.10068846 -0.27243651 -0.1356572  -0.09461621  0.05357521
   0.23957665  0.15426368  0.1778203  -0.10068846]]
2
Traceback (most recent call last):
  File "multigrid_const.py", line 132, in <module>
    ui = mgm(ui,fxy,L,w,step)
  File "multigrid_const.py", line 104, in mgm
    ux=mgm(L-1,ui,r,w,step)
  File "multigrid_const.py", line 98, in mgm
    u_pre=GS_SOR(u, L, f, w,step)
  File "multigrid_const.py", line 45, in GS_SOR
    ux[:,0]=ux[:,-2]
TypeError: 'int' object has no attribute '__getitem__'
hsudeMacBook-Pro:src yhhsu$ python multigrid_const.py 
[[ 0.  0.  0.  0.  0.  0.  0.  0.  0.  0.]
 [ 0.  0.  0.  0.  0.  0.  0.  0.  0.  0.]
 [ 0.  0.  0.  0.  0.  0.  0.  0.  0.  0.]
 [ 0.  0.  0.  0.  0.  0.  0.  0.  0.  0.]
 [ 0.  0.  0.  0.  0.  0.  0.  0.  0.  0.]
 [ 0.  0.  0.  0.  0.  0.  0.  0.  0.  0.]
 [ 0.  0.  0.  0.  0.  0.  0.  0.  0.  0.]
 [ 0.  0.  0.  0.  0.  0.  0.  0.  0.  0.]
 [ 0.  0.  0.  0.  0.  0.  0.  0.  0.  0.]
 [ 0.  0.  0.  0.  0.  0.  0.  0.  0.  0.]]
[[ 0.          0.          0.          0.          0.          0.          0.
   0.          0.          0.        ]
 [ 0.         -0.10068846 -0.27243651 -0.1356572  -0.09461621  0.05357521
   0.23957665  0.15426368  0.1778203   0.        ]
 [ 0.         -0.27243651 -0.23634566 -0.36705272 -0.08208199  0.14496044
   0.20783889  0.41739695  0.15426368  0.        ]
 [ 0.         -0.1356572  -0.36705272 -0.18277045 -0.12747607  0.07218169
   0.32278074  0.20783889  0.23957665  0.        ]
 [ 0.         -0.09461621 -0.08208199 -0.12747607 -0.02850678  0.05034423
   0.07218169  0.14496044  0.05357521  0.        ]
 [ 0.          0.05357521  0.14496044  0.07218169  0.05034423 -0.02850678
  -0.12747607 -0.08208199 -0.09461621  0.        ]
 [ 0.          0.23957665  0.20783889  0.32278074  0.07218169 -0.12747607
  -0.18277045 -0.36705272 -0.1356572   0.        ]
 [ 0.          0.15426368  0.41739695  0.20783889  0.14496044 -0.08208199
  -0.36705272 -0.23634566 -0.27243651  0.        ]
 [ 0.          0.1778203   0.15426368  0.23957665  0.05357521 -0.09461621
  -0.1356572  -0.27243651 -0.10068846  0.        ]
 [ 0.          0.          0.          0.          0.          0.          0.
   0.          0.          0.        ]]
[[-0.10068846  0.1778203   0.15426368  0.23957665  0.05357521 -0.09461621
  -0.1356572  -0.27243651 -0.10068846  0.1778203 ]
 [ 0.1778203  -0.14799657 -0.35654182 -0.2592894  -0.12768545  0.10240138
   0.3233109   0.29485302  0.19777074 -0.10068846]
 [ 0.15426368 -0.35654182 -0.55609028 -0.56747455 -0.19312813  0.2241132
   0.48901758  0.62828097  0.29485302 -0.27243651]
 [ 0.23957665 -0.2592894  -0.56747455 -0.43003484 -0.2022821   0.16983402
   0.51219626  0.48901758  0.3233109  -0.1356572 ]
 [ 0.05357521 -0.12768545 -0.19312813 -0.2022821  -0.06707269  0.07988744
   0.16983402  0.2241132   0.10240138 -0.09461621]
 [-0.09461621  0.10240138  0.2241132   0.16983402  0.07988744 -0.06707269
  -0.2022821  -0.19312813 -0.12768545  0.05357521]
 [-0.1356572   0.3233109   0.48901758  0.51219626  0.16983402 -0.2022821
  -0.43003484 -0.56747455 -0.2592894   0.23957665]
 [-0.27243651  0.29485302  0.62828097  0.48901758  0.2241132  -0.19312813
  -0.56747455 -0.55609028 -0.35654182  0.15426368]
 [-0.10068846  0.19777074  0.29485302  0.3233109   0.10240138 -0.12768545
  -0.2592894  -0.35654182 -0.14799657  0.1778203 ]
 [ 0.1778203  -0.10068846 -0.27243651 -0.1356572  -0.09461621  0.05357521
   0.23957665  0.15426368  0.1778203  -0.10068846]]
2
Traceback (most recent call last):
  File "multigrid_const.py", line 132, in <module>
    ux = mgm(ui,fxy,L,w,step)
  File "multigrid_const.py", line 104, in mgm
    ux=mgm(L-1,ui,r,w,step)
  File "multigrid_const.py", line 98, in mgm
    u_pre=GS_SOR(u, L, f, w,step)
  File "multigrid_const.py", line 45, in GS_SOR
    ux[:,0]=ux[:,-2]
TypeError: 'int' object has no attribute '__getitem__'
hsudeMacBook-Pro:src yhhsu$ python multigrid_const.py 
[[ 0.  0.  0.  0.  0.  0.  0.  0.  0.  0.]
 [ 0.  0.  0.  0.  0.  0.  0.  0.  0.  0.]
 [ 0.  0.  0.  0.  0.  0.  0.  0.  0.  0.]
 [ 0.  0.  0.  0.  0.  0.  0.  0.  0.  0.]
 [ 0.  0.  0.  0.  0.  0.  0.  0.  0.  0.]
 [ 0.  0.  0.  0.  0.  0.  0.  0.  0.  0.]
 [ 0.  0.  0.  0.  0.  0.  0.  0.  0.  0.]
 [ 0.  0.  0.  0.  0.  0.  0.  0.  0.  0.]
 [ 0.  0.  0.  0.  0.  0.  0.  0.  0.  0.]
 [ 0.  0.  0.  0.  0.  0.  0.  0.  0.  0.]]
[[ 0.          0.          0.          0.          0.          0.          0.
   0.          0.          0.        ]
 [ 0.         -0.10068846 -0.27243651 -0.1356572  -0.09461621  0.05357521
   0.23957665  0.15426368  0.1778203   0.        ]
 [ 0.         -0.27243651 -0.23634566 -0.36705272 -0.08208199  0.14496044
   0.20783889  0.41739695  0.15426368  0.        ]
 [ 0.         -0.1356572  -0.36705272 -0.18277045 -0.12747607  0.07218169
   0.32278074  0.20783889  0.23957665  0.        ]
 [ 0.         -0.09461621 -0.08208199 -0.12747607 -0.02850678  0.05034423
   0.07218169  0.14496044  0.05357521  0.        ]
 [ 0.          0.05357521  0.14496044  0.07218169  0.05034423 -0.02850678
  -0.12747607 -0.08208199 -0.09461621  0.        ]
 [ 0.          0.23957665  0.20783889  0.32278074  0.07218169 -0.12747607
  -0.18277045 -0.36705272 -0.1356572   0.        ]
 [ 0.          0.15426368  0.41739695  0.20783889  0.14496044 -0.08208199
  -0.36705272 -0.23634566 -0.27243651  0.        ]
 [ 0.          0.1778203   0.15426368  0.23957665  0.05357521 -0.09461621
  -0.1356572  -0.27243651 -0.10068846  0.        ]
 [ 0.          0.          0.          0.          0.          0.          0.
   0.          0.          0.        ]]
[[-0.10068846  0.1778203   0.15426368  0.23957665  0.05357521 -0.09461621
  -0.1356572  -0.27243651 -0.10068846  0.1778203 ]
 [ 0.1778203  -0.14799657 -0.35654182 -0.2592894  -0.12768545  0.10240138
   0.3233109   0.29485302  0.19777074 -0.10068846]
 [ 0.15426368 -0.35654182 -0.55609028 -0.56747455 -0.19312813  0.2241132
   0.48901758  0.62828097  0.29485302 -0.27243651]
 [ 0.23957665 -0.2592894  -0.56747455 -0.43003484 -0.2022821   0.16983402
   0.51219626  0.48901758  0.3233109  -0.1356572 ]
 [ 0.05357521 -0.12768545 -0.19312813 -0.2022821  -0.06707269  0.07988744
   0.16983402  0.2241132   0.10240138 -0.09461621]
 [-0.09461621  0.10240138  0.2241132   0.16983402  0.07988744 -0.06707269
  -0.2022821  -0.19312813 -0.12768545  0.05357521]
 [-0.1356572   0.3233109   0.48901758  0.51219626  0.16983402 -0.2022821
  -0.43003484 -0.56747455 -0.2592894   0.23957665]
 [-0.27243651  0.29485302  0.62828097  0.48901758  0.2241132  -0.19312813
  -0.56747455 -0.55609028 -0.35654182  0.15426368]
 [-0.10068846  0.19777074  0.29485302  0.3233109   0.10240138 -0.12768545
  -0.2592894  -0.35654182 -0.14799657  0.1778203 ]
 [ 0.1778203  -0.10068846 -0.27243651 -0.1356572  -0.09461621  0.05357521
   0.23957665  0.15426368  0.1778203  -0.10068846]]
2
Traceback (most recent call last):
  File "multigrid_const.py", line 132, in <module>
    ux = mgm(ui,fxy,L,w,step)
  File "multigrid_const.py", line 104, in mgm
    ux=mgm(L-1,ui,r,w,step)
  File "multigrid_const.py", line 98, in mgm
    u_pre=GS_SOR(u, L, f, w,step)
  File "multigrid_const.py", line 45, in GS_SOR
    ux[:,0]=ux[:,-2]
TypeError: 'int' object has no attribute '__getitem__'
hsudeMacBook-Pro:src yhhsu$ python multigrid_const.py 
Traceback (most recent call last):
  File "multigrid_const.py", line 131, in <module>
    ux = mgm(ui,fxy,L,w,step)
  File "multigrid_const.py", line 103, in mgm
    ux=mgm(L-1,ui,r,w,step)
  File "multigrid_const.py", line 97, in mgm
    u_pre=GS_SOR(u, L, f, w,step)
  File "multigrid_const.py", line 44, in GS_SOR
    ux[:,0]=ux[:,-2]
TypeError: 'int' object has no attribute '__getitem__'
hsudeMacBook-Pro:src yhhsu$ python multigrid_const.py 
Traceback (most recent call last):
  File "multigrid_const.py", line 131, in <module>
    ux = mgm(ui,fxy,L,w,step)
  File "multigrid_const.py", line 103, in mgm
    ux=mgm(L-1,ui,r,w,step)
  File "multigrid_const.py", line 97, in mgm
    u_pre=GS_SOR(u, L, f, w,step)
  File "multigrid_const.py", line 44, in GS_SOR
    ux[:,0]=ux[:,-2]
TypeError: 'int' object has no attribute '__getitem__'
hsudeMacBook-Pro:src yhhsu$ python multigrid_const.py 
[[ 0.  0.  0.  0.  0.  0.  0.  0.  0.  0.]
 [ 0.  0.  0.  0.  0.  0.  0.  0.  0.  0.]
 [ 0.  0.  0.  0.  0.  0.  0.  0.  0.  0.]
 [ 0.  0.  0.  0.  0.  0.  0.  0.  0.  0.]
 [ 0.  0.  0.  0.  0.  0.  0.  0.  0.  0.]
 [ 0.  0.  0.  0.  0.  0.  0.  0.  0.  0.]
 [ 0.  0.  0.  0.  0.  0.  0.  0.  0.  0.]
 [ 0.  0.  0.  0.  0.  0.  0.  0.  0.  0.]
 [ 0.  0.  0.  0.  0.  0.  0.  0.  0.  0.]
 [ 0.  0.  0.  0.  0.  0.  0.  0.  0.  0.]]
[[ 0.          0.          0.          0.          0.          0.          0.
   0.          0.          0.        ]
 [ 0.         -0.10068846 -0.27243651 -0.1356572  -0.09461621  0.05357521
   0.23957665  0.15426368  0.1778203   0.        ]
 [ 0.         -0.27243651 -0.23634566 -0.36705272 -0.08208199  0.14496044
   0.20783889  0.41739695  0.15426368  0.        ]
 [ 0.         -0.1356572  -0.36705272 -0.18277045 -0.12747607  0.07218169
   0.32278074  0.20783889  0.23957665  0.        ]
 [ 0.         -0.09461621 -0.08208199 -0.12747607 -0.02850678  0.05034423
   0.07218169  0.14496044  0.05357521  0.        ]
 [ 0.          0.05357521  0.14496044  0.07218169  0.05034423 -0.02850678
  -0.12747607 -0.08208199 -0.09461621  0.        ]
 [ 0.          0.23957665  0.20783889  0.32278074  0.07218169 -0.12747607
  -0.18277045 -0.36705272 -0.1356572   0.        ]
 [ 0.          0.15426368  0.41739695  0.20783889  0.14496044 -0.08208199
  -0.36705272 -0.23634566 -0.27243651  0.        ]
 [ 0.          0.1778203   0.15426368  0.23957665  0.05357521 -0.09461621
  -0.1356572  -0.27243651 -0.10068846  0.        ]
 [ 0.          0.          0.          0.          0.          0.          0.
   0.          0.          0.        ]]
[[-0.10068846  0.1778203   0.15426368  0.23957665  0.05357521 -0.09461621
  -0.1356572  -0.27243651 -0.10068846  0.1778203 ]
 [ 0.1778203  -0.14799657 -0.35654182 -0.2592894  -0.12768545  0.10240138
   0.3233109   0.29485302  0.19777074 -0.10068846]
 [ 0.15426368 -0.35654182 -0.55609028 -0.56747455 -0.19312813  0.2241132
   0.48901758  0.62828097  0.29485302 -0.27243651]
 [ 0.23957665 -0.2592894  -0.56747455 -0.43003484 -0.2022821   0.16983402
   0.51219626  0.48901758  0.3233109  -0.1356572 ]
 [ 0.05357521 -0.12768545 -0.19312813 -0.2022821  -0.06707269  0.07988744
   0.16983402  0.2241132   0.10240138 -0.09461621]
 [-0.09461621  0.10240138  0.2241132   0.16983402  0.07988744 -0.06707269
  -0.2022821  -0.19312813 -0.12768545  0.05357521]
 [-0.1356572   0.3233109   0.48901758  0.51219626  0.16983402 -0.2022821
  -0.43003484 -0.56747455 -0.2592894   0.23957665]
 [-0.27243651  0.29485302  0.62828097  0.48901758  0.2241132  -0.19312813
  -0.56747455 -0.55609028 -0.35654182  0.15426368]
 [-0.10068846  0.19777074  0.29485302  0.3233109   0.10240138 -0.12768545
  -0.2592894  -0.35654182 -0.14799657  0.1778203 ]
 [ 0.1778203  -0.10068846 -0.27243651 -0.1356572  -0.09461621  0.05357521
   0.23957665  0.15426368  0.1778203  -0.10068846]]
2
Traceback (most recent call last):
  File "multigrid_const.py", line 132, in <module>
    ux = mgm(ui,fxy,L,w,step)
  File "multigrid_const.py", line 104, in mgm
    ux=mgm(L-1,ui,r,w,step)
  File "multigrid_const.py", line 98, in mgm
    u_pre=GS_SOR(u, L, f, w,step)
  File "multigrid_const.py", line 45, in GS_SOR
    ux[:,0]=ux[:,-2]
TypeError: 'int' object has no attribute '__getitem__'
hsudeMacBook-Pro:src yhhsu$ python multigrid_const.py 
now is running L=3
[[ 0.  0.  0.  0.  0.  0.  0.  0.  0.  0.]
 [ 0.  0.  0.  0.  0.  0.  0.  0.  0.  0.]
 [ 0.  0.  0.  0.  0.  0.  0.  0.  0.  0.]
 [ 0.  0.  0.  0.  0.  0.  0.  0.  0.  0.]
 [ 0.  0.  0.  0.  0.  0.  0.  0.  0.  0.]
 [ 0.  0.  0.  0.  0.  0.  0.  0.  0.  0.]
 [ 0.  0.  0.  0.  0.  0.  0.  0.  0.  0.]
 [ 0.  0.  0.  0.  0.  0.  0.  0.  0.  0.]
 [ 0.  0.  0.  0.  0.  0.  0.  0.  0.  0.]
 [ 0.  0.  0.  0.  0.  0.  0.  0.  0.  0.]]
[[ 0.          0.          0.          0.          0.          0.          0.
   0.          0.          0.        ]
 [ 0.         -0.10068846 -0.27243651 -0.1356572  -0.09461621  0.05357521
   0.23957665  0.15426368  0.1778203   0.        ]
 [ 0.         -0.27243651 -0.23634566 -0.36705272 -0.08208199  0.14496044
   0.20783889  0.41739695  0.15426368  0.        ]
 [ 0.         -0.1356572  -0.36705272 -0.18277045 -0.12747607  0.07218169
   0.32278074  0.20783889  0.23957665  0.        ]
 [ 0.         -0.09461621 -0.08208199 -0.12747607 -0.02850678  0.05034423
   0.07218169  0.14496044  0.05357521  0.        ]
 [ 0.          0.05357521  0.14496044  0.07218169  0.05034423 -0.02850678
  -0.12747607 -0.08208199 -0.09461621  0.        ]
 [ 0.          0.23957665  0.20783889  0.32278074  0.07218169 -0.12747607
  -0.18277045 -0.36705272 -0.1356572   0.        ]
 [ 0.          0.15426368  0.41739695  0.20783889  0.14496044 -0.08208199
  -0.36705272 -0.23634566 -0.27243651  0.        ]
 [ 0.          0.1778203   0.15426368  0.23957665  0.05357521 -0.09461621
  -0.1356572  -0.27243651 -0.10068846  0.        ]
 [ 0.          0.          0.          0.          0.          0.          0.
   0.          0.          0.        ]]
[[-0.10068846  0.1778203   0.15426368  0.23957665  0.05357521 -0.09461621
  -0.1356572  -0.27243651 -0.10068846  0.1778203 ]
 [ 0.1778203  -0.14799657 -0.35654182 -0.2592894  -0.12768545  0.10240138
   0.3233109   0.29485302  0.19777074 -0.10068846]
 [ 0.15426368 -0.35654182 -0.55609028 -0.56747455 -0.19312813  0.2241132
   0.48901758  0.62828097  0.29485302 -0.27243651]
 [ 0.23957665 -0.2592894  -0.56747455 -0.43003484 -0.2022821   0.16983402
   0.51219626  0.48901758  0.3233109  -0.1356572 ]
 [ 0.05357521 -0.12768545 -0.19312813 -0.2022821  -0.06707269  0.07988744
   0.16983402  0.2241132   0.10240138 -0.09461621]
 [-0.09461621  0.10240138  0.2241132   0.16983402  0.07988744 -0.06707269
  -0.2022821  -0.19312813 -0.12768545  0.05357521]
 [-0.1356572   0.3233109   0.48901758  0.51219626  0.16983402 -0.2022821
  -0.43003484 -0.56747455 -0.2592894   0.23957665]
 [-0.27243651  0.29485302  0.62828097  0.48901758  0.2241132  -0.19312813
  -0.56747455 -0.55609028 -0.35654182  0.15426368]
 [-0.10068846  0.19777074  0.29485302  0.3233109   0.10240138 -0.12768545
